ENTER COSTS
▬▬▬▬▬▬▬▬▬▬▬▬▬▬▬▬▬▬▬▬▬▬▬▬▬▬▬▬▬▬▬▬▬▬▬▬▬▬▬▬▬▬▬▬▬▬▬▬▬▬▬▬▬▬▬▬▬▬▬▬▬▬▬▬▬
	S/D	D1	D2	D3	D4	D5	D6	D7	D8	D9	D10	SUPPLY
▬▬▬▬▬▬▬▬▬▬▬▬▬▬▬▬▬▬▬▬▬▬▬▬▬▬▬▬▬▬▬▬▬▬▬▬▬▬▬▬▬▬▬▬▬▬▬▬▬▬▬▬▬▬▬▬▬▬▬▬▬▬▬▬▬
	S1	1	2	3	4	5	6	7	8	9	1	10
───────────────────────────────────────────────────────────────────────────────────────────────────
	S2	2	4	1	4	2	3	1	1	1	4.2	20
───────────────────────────────────────────────────────────────────────────────────────────────────
	S3	1.5	1.2	5	5.5	5	6	1	2	3	2.0	30
───────────────────────────────────────────────────────────────────────────────────────────────────
	S4	1.8	1.8	2	4	4	5	6	1	2	2	40
───────────────────────────────────────────────────────────────────────────────────────────────────
	S5	1.4	1	1	2	4	3	5	1	7	2	50
───────────────────────────────────────────────────────────────────────────────────────────────────
	S6	4.6	4	1.6	1.5	.5	1.8	.6	1	1	2	60
───────────────────────────────────────────────────────────────────────────────────────────────────
	S7	4.8	5	3.1	.2	0.9	.6	.5	.6	4.5	5	5
───────────────────────────────────────────────────────────────────────────────────────────────────
	S8	1.9	1.9	3.4	1	8	4	4.6	2	2.2	4	5
───────────────────────────────────────────────────────────────────────────────────────────────────
	S9	2.5	6	1.5	2	2	5	7	2.6	2	3	10
───────────────────────────────────────────────────────────────────────────────────────────────────
	S10	4.8	4	1.7	2	1	1	4	6.2	2	1	40
───────────────────────────────────────────────────────────────────────────────────────────────────
	S11	4.6	1	1.8	5	1	2	5	1.4	3	2	5
───────────────────────────────────────────────────────────────────────────────────────────────────
	S12	1.6	2	1.9	4	1	2.2	2	1.8	1	2	60
▬▬▬▬▬▬▬▬▬▬▬▬▬▬▬▬▬▬▬▬▬▬▬▬▬▬▬▬▬▬▬▬▬▬▬▬▬▬▬▬▬▬▬▬▬▬▬▬▬▬▬▬▬▬▬▬▬▬▬▬▬▬▬▬▬
        DEMAND	10	30	40	50	90	50	10	2	3	4	X
▬▬▬▬▬▬▬▬▬▬▬▬▬▬▬▬▬▬▬▬▬▬▬▬▬▬▬▬▬▬▬▬▬▬▬▬▬▬▬▬▬▬▬▬▬▬▬▬▬▬▬▬▬▬▬▬▬▬▬▬▬▬▬▬▬


NO OF UNITS TRANSPORTED FROM SOURCE TO DESTINATION
▬▬▬▬▬▬▬▬▬▬▬▬▬▬▬▬▬▬▬▬▬▬▬▬▬▬▬▬▬▬▬▬▬▬▬▬▬▬▬▬▬▬▬▬▬▬▬▬▬▬▬▬▬▬▬▬▬▬▬▬▬▬▬▬▬
	S/D	D1	D2	D3	D4	D5	D6	D7	D8	D9	D10	SUPPLY
▬▬▬▬▬▬▬▬▬▬▬▬▬▬▬▬▬▬▬▬▬▬▬▬▬▬▬▬▬▬▬▬▬▬▬▬▬▬▬▬▬▬▬▬▬▬▬▬▬▬▬▬▬▬▬▬▬▬▬▬▬▬▬▬▬
	S1	6	0	0	0	0	0	0	0	0	4	10
───────────────────────────────────────────────────────────────────────────────────────────────────
	S2	0	0	17	0	0	0	0	0	3	0	20
───────────────────────────────────────────────────────────────────────────────────────────────────
	S3	4	8	0	0	0	0	10	0	0	0	30
───────────────────────────────────────────────────────────────────────────────────────────────────
	S4	0	0	0	0	0	0	0	2	0	0	40
───────────────────────────────────────────────────────────────────────────────────────────────────
	S5	0	22	23	5	0	0	0	0	0	0	50
───────────────────────────────────────────────────────────────────────────────────────────────────
	S6	0	0	0	25	35	0	0	0	0	0	60
───────────────────────────────────────────────────────────────────────────────────────────────────
	S7	0	0	0	5	0	0	0	0	0	0	5
───────────────────────────────────────────────────────────────────────────────────────────────────
	S8	0	0	0	5	0	0	0	0	0	0	5
───────────────────────────────────────────────────────────────────────────────────────────────────
	S9	0	0	0	10	0	0	0	0	0	0	10
───────────────────────────────────────────────────────────────────────────────────────────────────
	S10	0	0	0	0	0	40	0	0	0	0	40
───────────────────────────────────────────────────────────────────────────────────────────────────
	S11	0	0	0	0	0	5	0	0	0	0	5
───────────────────────────────────────────────────────────────────────────────────────────────────
	S12	0	0	0	0	55	5	0	0	0	0	60
▬▬▬▬▬▬▬▬▬▬▬▬▬▬▬▬▬▬▬▬▬▬▬▬▬▬▬▬▬▬▬▬▬▬▬▬▬▬▬▬▬▬▬▬▬▬▬▬▬▬▬▬▬▬▬▬▬▬▬▬▬▬▬▬▬
        DEMAND	10	30	40	50	90	50	10	2	3	4	289\335
▬▬▬▬▬▬▬▬▬▬▬▬▬▬▬▬▬▬▬▬▬▬▬▬▬▬▬▬▬▬▬▬▬▬▬▬▬▬▬▬▬▬▬▬▬▬▬▬▬▬▬▬▬▬▬▬▬▬▬▬▬▬▬▬▬

 TOTAL MINIMUM COST = 309.6
